objects
0.998416	0	-0.056256	0	1.000000	0	0.056256	0	0.998416	202044.074354	0	8408.197444	0	asf1_6
0.998416	0	-0.056256	0	1.000000	0	0.056256	0	0.998416	202044.411889	0	8414.187942	0	asf1_6
0.753132	0	0.657870	0	1.000000	0	-0.657870	0	0.753132	203057.252555	0	6865.984535	0	asf1_6
0.949037	0	0.315165	0	1.000000	0	-0.315165	0	0.949037	203054.049261	0	6870.987467	0	asf1_6
0.993247	0	-0.116019	0	1.000000	0	0.116019	0	0.993247	203053.622843	0	6876.920638	0	asf1_6
0.928076	0	-0.372390	0	1.000000	0	0.372390	0	0.928076	203055.417226	0	6882.634074	0	asf1_6
0.883699	0	-0.468056	0	1.000000	0	0.468056	0	0.883699	203058.073386	0	6888.010632	0	asf1_6
0.565795	0	0.824546	0	1.000000	0	-0.824546	0	0.565795	203066.708957	0	6858.623985	0	asf1_6
0.614242	0	0.789118	0	1.000000	0	-0.789118	0	0.614242	203061.821046	0	6862.102550	0	asf1_6
0.870134	0	-0.492814	0	1.000000	0	0.492814	0	0.870134	203061.030152	0	6893.231227	0	asf1_6
0.542956	0	0.839761	0	1.000000	0	-0.839761	0	0.542956	203076.746199	0	6852.047658	0	asf1_6
0.548038	0	0.836453	0	1.000000	0	-0.836453	0	0.548038	203071.713512	0	6855.314448	0	asf1_6
0.504670	0	0.863312	0	1.000000	0	-0.863312	0	0.504670	203086.959550	0	6845.753678	0	asf1_6
0.524632	0	0.851329	0	1.000000	0	-0.851329	0	0.524632	203081.790229	0	6848.799242	0	asf1_6
0.514946	0	0.857223	0	1.000000	0	-0.857223	0	0.514946	203097.332029	0	6839.719801	0	asf1_6
0.502830	0	0.864385	0	1.000000	0	-0.864385	0	0.502830	203092.149648	0	6842.743399	0	asf1_6
0.566956	0	0.823748	0	1.000000	0	-0.823748	0	0.566956	203107.402618	0	6833.200526	0	asf1_6
0.543427	0	0.839456	0	1.000000	0	-0.839456	0	0.543427	203102.434845	0	6836.564940	0	asf1_6
0.579918	0	0.814675	0	1.000000	0	-0.814675	0	0.579918	203117.213532	0	6826.290836	0	asf1_6
0.575812	0	0.817582	0	1.000000	0	-0.817582	0	0.575812	203112.319393	0	6829.761763	0	asf1_6
0.582504	0	0.812828	0	1.000000	0	-0.812828	0	0.582504	203126.973500	0	6819.309222	0	asf1_6
0.581801	0	0.813331	0	1.000000	0	-0.813331	0	0.581801	203122.095469	0	6822.802760	0	asf1_6
-0.647179	0	-0.762338	0	1.000000	0	0.762338	0	-0.647179	203138.294199	0	6697.219535	0	asf1_6
0.725581	0	0.688137	0	1.000000	0	-0.688137	0	0.725581	203136.052825	0	6811.541676	0	asf1_6
0.650053	0	0.759888	0	1.000000	0	-0.759888	0	0.650053	203131.844324	0	6815.816355	0	asf1_6
-0.773744	0	-0.633498	0	1.000000	0	0.633498	0	-0.773744	203146.860203	0	6688.867485	0	asf1_6
-0.698118	0	-0.715983	0	1.000000	0	0.715983	0	-0.698118	203142.866151	0	6693.338220	0	asf1_6
0.757693	0	0.652612	0	1.000000	0	-0.652612	0	0.757693	203148.014772	0	6798.092806	0	asf1_6
0.751605	0	0.659614	0	1.000000	0	-0.659614	0	0.751605	203144.079668	0	6802.622123	0	asf1_6
0.743325	0	0.668930	0	1.000000	0	-0.668930	0	0.743325	203140.099540	0	6807.111908	0	asf1_6
-0.824408	0	-0.565995	0	1.000000	0	0.565995	0	-0.824408	203153.884350	0	6679.141344	0	asf1_6
-0.826435	0	-0.563032	0	1.000000	0	0.563032	0	-0.826435	203157.249070	0	6674.173588	0	asf1_6
-0.810690	0	-0.585475	0	1.000000	0	0.585475	0	-0.810690	203150.457333	0	6684.066185	0	asf1_6
0.782282	0	0.622924	0	1.000000	0	-0.622924	0	0.782282	203159.521161	0	6784.252554	0	asf1_6
0.773153	0	0.634219	0	1.000000	0	-0.634219	0	0.773153	203155.757340	0	6788.925133	0	asf1_6
0.763990	0	0.645228	0	1.000000	0	-0.645228	0	0.763990	203151.910911	0	6793.529925	0	asf1_6
-0.800747	0	-0.599002	0	1.000000	0	0.599002	0	-0.800747	203167.759585	0	6659.564767	0	asf1_6
-0.817507	0	-0.575919	0	1.000000	0	0.575919	0	-0.817507	203160.640671	0	6669.224219	0	asf1_6
-0.804999	0	-0.593276	0	1.000000	0	0.593276	0	-0.804999	203164.159340	0	6664.364569	0	asf1_6
0.791248	0	0.611495	0	1.000000	0	-0.611495	0	0.791248	203166.911194	0	6774.798183	0	asf1_6
0.787871	0	0.615841	0	1.000000	0	-0.615841	0	0.787871	203163.232264	0	6779.537950	0	asf1_6
-0.863490	0	-0.504366	0	1.000000	0	0.504366	0	-0.863490	203174.775665	0	6649.832812	0	asf1_6
-0.898267	0	-0.439450	0	1.000000	0	0.439450	0	-0.898267	203177.374291	0	6644.439211	0	asf1_6
-0.811176	0	-0.584802	0	1.000000	0	0.584802	0	-0.811176	203171.347329	0	6654.755650	0	asf1_6
0.791300	0	0.611428	0	1.000000	0	-0.611428	0	0.791300	203177.870055	0	6760.518724	0	asf1_6
0.793690	0	0.608322	0	1.000000	0	-0.608322	0	0.793690	203174.219067	0	6765.280055	0	asf1_6
0.793178	0	0.608990	0	1.000000	0	-0.608990	0	0.793178	203170.570188	0	6770.043004	0	asf1_6
-0.889919	0	-0.456119	0	1.000000	0	0.456119	0	-0.889919	203185.492363	0	6628.374185	0	asf1_6
-0.889330	0	-0.457265	0	1.000000	0	0.457265	0	-0.889330	203188.233333	0	6623.036857	0	asf1_6
-0.893627	0	-0.448810	0	1.000000	0	0.448810	0	-0.893627	203180.043269	0	6639.065627	0	asf1_6
-0.890955	0	-0.454092	0	1.000000	0	0.454092	0	-0.890955	203182.759908	0	6633.715878	0	asf1_6
0.769773	0	0.638317	0	1.000000	0	-0.638317	0	0.769773	203189.406207	0	6746.713332	0	asf1_6
0.756169	0	0.654377	0	1.000000	0	-0.654377	0	0.756169	203185.433466	0	6751.207193	0	asf1_6
0.776203	0	0.630483	0	1.000000	0	-0.630483	0	0.776203	203181.556106	0	6755.784570	0	asf1_6
-0.888950	0	-0.458004	0	1.000000	0	0.458004	0	-0.888950	203196.479503	0	6607.036837	0	asf1_6
-0.901138	0	-0.433533	0	1.000000	0	0.433533	0	-0.901138	203199.225006	0	6601.701840	0	asf1_6
-0.888968	0	-0.457969	0	1.000000	0	0.457969	0	-0.888968	203190.979545	0	6617.702223	0	asf1_6
-0.888782	0	-0.458330	0	1.000000	0	0.458330	0	-0.888782	203193.728961	0	6612.369239	0	asf1_6
0.781176	0	0.624310	0	1.000000	0	-0.624310	0	0.781176	203196.761117	0	6737.231705	0	asf1_6
0.790147	0	0.612918	0	1.000000	0	-0.612918	0	0.790147	203193.088131	0	6741.976029	0	asf1_6
-0.960488	0	-0.278322	0	1.000000	0	0.278322	0	-0.960488	203208.496057	0	6574.172926	0	asf1_6
-0.952280	0	-0.305227	0	1.000000	0	0.305227	0	-0.952280	203205.269317	0	6584.792856	0	asf1_6
-0.935897	0	-0.352274	0	1.000000	0	0.352274	0	-0.935897	203201.673752	0	6596.241061	0	asf1_6
-0.954052	0	-0.299641	0	1.000000	0	0.299641	0	-0.954052	203203.437958	0	6590.506535	0	asf1_6
0.465301	0	0.885153	0	1.000000	0	-0.885153	0	0.465301	203209.689082	0	6724.913549	0	asf1_6
0.644905	0	0.764263	0	1.000000	0	-0.764263	0	0.644905	203204.772030	0	6728.315567	0	asf1_6
0.743856	0	0.668340	0	1.000000	0	-0.668340	0	0.743856	203200.578392	0	6732.603725	0	asf1_6
-0.999330	0	-0.036601	0	1.000000	0	0.036601	0	-0.999330	203219.028996	0	6479.414159	0	asf1_6
-0.992826	0	-0.119569	0	1.000000	0	0.119569	0	-0.992826	203219.415875	0	6473.429293	0	asf1_6
-1.000000	0	0.000702	0	1.000000	0	-0.000702	0	-1.000000	203218.977004	0	6485.413705	0	asf1_6
-0.999836	0	-0.018123	0	1.000000	0	0.018123	0	-0.999836	203219.061218	0	6497.413108	0	asf1_6
-0.999975	0	0.007018	0	1.000000	0	-0.007018	0	-0.999975	203219.037424	0	6491.413375	0	asf1_6
-0.998656	0	-0.051824	0	1.000000	0	0.051824	0	-0.998656	203218.514932	0	6509.400214	0	asf1_6
-0.998963	0	-0.045525	0	1.000000	0	0.045525	0	-0.998963	203218.820008	0	6503.407978	0	asf1_6
-0.998582	0	-0.053244	0	1.000000	0	0.053244	0	-0.998582	203218.198117	0	6515.391844	0	asf1_6
-0.999181	0	-0.040457	0	1.000000	0	0.040457	0	-0.999181	203217.554559	0	6527.374574	0	asf1_6
-0.998561	0	-0.053630	0	1.000000	0	0.053630	0	-0.998561	203217.876007	0	6521.383191	0	asf1_6
-0.998444	0	-0.055759	0	1.000000	0	0.055759	0	-0.998444	203217.227922	0	6539.369032	0	asf1_6
-0.999629	0	-0.027222	0	1.000000	0	0.027222	0	-0.999629	203217.390593	0	6533.371521	0	asf1_6
-0.988760	0	-0.149513	0	1.000000	0	0.149513	0	-0.988760	203216.721944	0	6545.345539	0	asf1_6
-0.953841	0	-0.300312	0	1.000000	0	0.300312	0	-0.953841	203213.633809	0	6556.923299	0	asf1_6
-0.966224	0	-0.257704	0	1.000000	0	0.257704	0	-0.966224	203215.438830	0	6551.201822	0	asf1_6
-0.960500	0	-0.278279	0	1.000000	0	0.278279	0	-0.960500	203210.165990	0	6568.410000	0	asf1_6
-0.957324	0	-0.289015	0	1.000000	0	0.289015	0	-0.957324	203211.835403	0	6562.646923	0	asf1_6
0.332382	0	0.943145	0	1.000000	0	-0.943145	0	0.332382	203215.293858	0	6722.786648	0	asf1_6
-0.713072	0	-0.701091	0	1.000000	0	0.701091	0	-0.713072	203226.620718	0	6457.380649	0	asf1_6
-0.956432	0	-0.291954	0	1.000000	0	0.291954	0	-0.956432	203220.460564	0	6467.526181	0	asf1_6
-0.854900	0	-0.518793	0	1.000000	0	0.518793	0	-0.854900	203222.881554	0	6462.066544	0	asf1_6
0.274106	0	0.961700	0	1.000000	0	-0.961700	0	0.274106	203226.758457	0	6719.248590	0	asf1_6
0.294885	0	0.955533	0	1.000000	0	-0.955533	0	0.294885	203220.998409	0	6720.928047	0	asf1_6
-0.390510	0	-0.920599	0	1.000000	0	0.920599	0	-0.390510	203231.195151	0	6453.601821	0	asf1_6
-0.002154	0	-0.999998	0	1.000000	0	0.999998	0	-0.002154	203237.121919	0	6452.935644	0	asf1_6
0.269875	0	0.962895	0	1.000000	0	-0.962895	0	0.269875	203238.321472	0	6716.039807	0	asf1_6
0.267399	0	0.963586	0	1.000000	0	-0.963586	0	0.267399	203232.538482	0	6717.638871	0	asf1_6
0.337383	0	-0.941368	0	1.000000	0	0.941368	0	0.337383	203243.064754	0	6453.577713	0	asf1_6
0.672576	0	-0.740028	0	1.000000	0	0.740028	0	0.672576	203248.026090	0	6456.832814	0	asf1_6
0.306699	0	0.951807	0	1.000000	0	-0.951807	0	0.306699	203249.825630	0	6712.629787	0	asf1_6
0.284194	0	0.958767	0	1.000000	0	-0.958767	0	0.284194	203244.093112	0	6714.400398	0	asf1_6
0.815190	0	-0.579193	0	1.000000	0	0.579193	0	0.815190	203251.775792	0	6461.507139	0	asf1_6
0.864056	0	-0.503397	0	1.000000	0	0.503397	0	0.864056	203254.959027	0	6466.591231	0	asf1_6
0.892486	0	-0.451075	0	1.000000	0	0.451075	0	0.892486	203257.812162	0	6471.868311	0	asf1_6
0.322179	0	0.946679	0	1.000000	0	-0.946679	0	0.322179	203255.513625	0	6710.720389	0	asf1_6
0.910299	0	-0.413951	0	1.000000	0	0.413951	0	0.910299	203260.369221	0	6477.295737	0	asf1_6
0.918792	0	-0.394741	0	1.000000	0	0.394741	0	0.918792	203262.778917	0	6482.790481	0	asf1_6
0.923582	0	-0.383400	0	1.000000	0	0.383400	0	0.923582	203265.105927	0	6488.320815	0	asf1_6
0.926653	0	-0.375919	0	1.000000	0	0.375919	0	0.926653	203267.379641	0	6493.873295	0	asf1_6
0.928704	0	-0.370823	0	1.000000	0	0.370823	0	0.928704	203269.616918	0	6499.440566	0	asf1_6
0.384378	0	0.923176	0	1.000000	0	-0.923176	0	0.384378	203266.884697	0	6706.896481	0	asf1_6
0.318742	0	0.947842	0	1.000000	0	-0.947842	0	0.318742	203261.185599	0	6708.763704	0	asf1_6
0.930014	0	-0.367523	0	1.000000	0	0.367523	0	0.930014	203271.829499	0	6505.017702	0	asf1_6
0.930651	0	-0.365909	0	1.000000	0	0.365909	0	0.930651	203274.027187	0	6510.600726	0	asf1_6
0.930418	0	-0.366499	0	1.000000	0	0.366499	0	0.930418	203276.220408	0	6516.185508	0	asf1_6
0.928280	0	-0.371882	0	1.000000	0	0.371882	0	0.928280	203278.425174	0	6521.765736	0	asf1_6
0.643256	0	0.765651	0	1.000000	0	-0.765651	0	0.643256	203277.188228	0	6700.806462	0	asf1_6
0.508834	0	0.860864	0	1.000000	0	-0.860864	0	0.508834	203272.224362	0	6704.167609	0	asf1_6
0.924904	0	-0.380201	0	1.000000	0	0.380201	0	0.924904	203280.682909	0	6527.324668	0	asf1_6
0.923096	0	-0.384570	0	1.000000	0	0.384570	0	0.923096	203282.987519	0	6532.864413	0	asf1_6
0.918079	0	-0.396397	0	1.000000	0	0.396397	0	0.918079	203285.297735	0	6538.401798	0	asf1_6
0.927759	0	-0.373179	0	1.000000	0	0.373179	0	0.927759	203287.743832	0	6543.880333	0	asf1_6
0.951946	0	-0.306266	0	1.000000	0	0.306266	0	0.951946	203289.771647	0	6549.524094	0	asf1_6
0.982799	0	0.184679	0	1.000000	0	-0.184679	0	0.982799	203289.436509	0	6674.180559	0	asf1_6
0.975733	0	0.218963	0	1.000000	0	-0.218963	0	0.975733	203288.268443	0	6680.065555	0	asf1_6
0.949698	0	0.313167	0	1.000000	0	-0.313167	0	0.949698	203286.810246	0	6685.883755	0	asf1_6
0.889256	0	0.457409	0	1.000000	0	-0.457409	0	0.889256	203284.524240	0	6691.421704	0	asf1_6
0.787783	0	0.615954	0	1.000000	0	-0.615954	0	0.787783	203281.346251	0	6696.505613	0	asf1_6
0.966463	0	-0.256805	0	1.000000	0	0.256805	0	0.966463	203291.415819	0	6555.293987	0	asf1_6
0.974641	0	-0.223775	0	1.000000	0	0.223775	0	0.974641	203292.852636	0	6561.119120	0	asf1_6
0.981672	0	-0.190577	0	1.000000	0	0.190577	0	0.981672	203294.100639	0	6566.987613	0	asf1_6
0.988692	0	-0.149961	0	1.000000	0	0.149961	0	0.988692	203295.139071	0	6572.896653	0	asf1_6
0.993691	0	-0.112153	0	1.000000	0	0.112153	0	0.993691	203295.899555	0	6578.847848	0	asf1_6
0.996039	0	-0.088913	0	1.000000	0	0.088913	0	0.996039	203296.484695	0	6584.819127	0	asf1_6
0.997211	0	-0.074632	0	1.000000	0	0.074632	0	0.997211	203296.966452	0	6590.799707	0	asf1_6
0.997829	0	-0.065855	0	1.000000	0	0.065855	0	0.997829	203297.380265	0	6596.785398	0	asf1_6
0.999297	0	-0.037492	0	1.000000	0	0.037492	0	0.999297	203297.756705	0	6602.773576	0	asf1_6
0.999551	0	0.029977	0	1.000000	0	-0.029977	0	0.999551	203297.829930	0	6608.764994	0	asf1_6
0.996903	0	0.078635	0	1.000000	0	-0.078635	0	0.996903	203297.397210	0	6614.749254	0	asf1_6
0.996080	0	0.088458	0	1.000000	0	-0.088458	0	0.996080	203296.886338	0	6620.727448	0	asf1_6
0.995526	0	0.094484	0	1.000000	0	-0.094484	0	0.995526	203296.335723	0	6626.702122	0	asf1_6
0.994950	0	0.100370	0	1.000000	0	-0.100370	0	0.994950	203295.752536	0	6632.673706	0	asf1_6
0.993763	0	0.111509	0	1.000000	0	-0.111509	0	0.993763	203295.131288	0	6638.641440	0	asf1_6
0.989042	0	0.147638	0	1.000000	0	-0.147638	0	0.989042	203294.414511	0	6644.598137	0	asf1_6
0.985978	0	0.166874	0	1.000000	0	-0.166874	0	0.985978	203293.360502	0	6650.504197	0	asf1_6
0.987459	0	0.157876	0	1.000000	0	-0.157876	0	0.987459	203292.412212	0	6656.428774	0	asf1_6
0.987012	0	0.160649	0	1.000000	0	-0.160649	0	0.987012	203291.465998	0	6662.353691	0	asf1_6
0.985594	0	0.169128	0	1.000000	0	-0.169128	0	0.985594	203290.484431	0	6668.272838	0	asf1_6
-0.546502	0	0.837458	0	1.000000	0	-0.837458	0	-0.546502	203777.873083	0	5029.458052	0	asf1_6
-0.316507	0	-0.948590	0	1.000000	0	0.948590	0	-0.316507	203782.445203	0	5026.789467	0	asf1_6
-0.308419	0	-0.951250	0	1.000000	0	0.951250	0	-0.308419	203788.136693	0	5024.890441	0	asf1_6
-0.579305	0	0.815111	0	1.000000	0	-0.815111	0	-0.579305	203787.814444	0	5036.175267	0	asf1_6
-0.559862	0	0.828586	0	1.000000	0	-0.828586	0	-0.559862	203782.897713	0	5032.736987	0	asf1_6
-0.286111	0	-0.958197	0	1.000000	0	0.958197	0	-0.286111	203793.859634	0	5023.088620	0	asf1_6
-0.232269	0	-0.972652	0	1.000000	0	0.972652	0	-0.232269	203799.633247	0	5021.457644	0	asf1_6
-0.593544	0	0.804802	0	1.000000	0	-0.804802	0	-0.593544	203792.678449	0	5039.688233	0	asf1_6
-0.616066	0	0.787694	0	1.000000	0	-0.787694	0	-0.616066	203797.471394	0	5043.297298	0	asf1_6
-0.129767	0	-0.991545	0	1.000000	0	0.991545	0	-0.129767	203805.516973	0	5020.304681	0	asf1_6
-0.656032	0	0.754733	0	1.000000	0	-0.754733	0	-0.656032	203802.128569	0	5047.079285	0	asf1_6
-0.706924	0	0.707289	0	1.000000	0	-0.707289	0	-0.706924	203806.521415	0	5051.163745	0	asf1_6
-0.027163	0	-0.999631	0	1.000000	0	0.999631	0	-0.027163	203811.500225	0	5019.904633	0	asf1_6
-0.008052	0	-0.999968	0	1.000000	0	0.999968	0	-0.008052	203817.499477	0	5019.979204	0	asf1_6
-0.747936	0	0.663770	0	1.000000	0	-0.663770	0	-0.747936	203810.608586	0	5055.554964	0	asf1_6
-0.786104	0	0.618094	0	1.000000	0	-0.618094	0	-0.786104	203818.268240	0	5064.791104	0	asf1_6
-0.769741	0	0.638356	0	1.000000	0	-0.638356	0	-0.769741	203814.483561	0	5060.135521	0	asf1_6
-0.012000	0	-0.999928	0	1.000000	0	0.999928	0	-0.012000	203823.495810	0	5019.808057	0	asf1_6
0.146469	0	-0.989215	0	1.000000	0	0.989215	0	0.146469	203829.491174	0	5019.835236	0	asf1_6
-0.801851	0	0.597524	0	1.000000	0	-0.597524	0	-0.801851	203821.899489	0	5069.567242	0	asf1_6
-0.808528	0	0.588458	0	1.000000	0	-0.588458	0	-0.808528	203828.973720	0	5079.260247	0	asf1_6
-0.807753	0	0.589521	0	1.000000	0	-0.589521	0	-0.807753	203825.438053	0	5074.412680	0	asf1_6
0.896719	0	0.442601	0	1.000000	0	-0.442601	0	0.896719	203828.040706	0	5114.939693	0	asf1_6
0.913050	0	0.407848	0	1.000000	0	-0.407848	0	0.913050	203825.460585	0	5120.356247	0	asf1_6
0.945193	0	0.326513	0	1.000000	0	-0.326513	0	0.945193	203823.148620	0	5125.891555	0	asf1_6
0.984876	0	0.173260	0	1.000000	0	-0.173260	0	0.984876	203821.553560	0	5131.664491	0	asf1_6
0.999951	0	-0.009860	0	1.000000	0	0.009860	0	0.999951	203821.082566	0	5137.636491	0	asf1_6
0.989087	0	-0.147334	0	1.000000	0	0.147334	0	0.989087	203821.671602	0	5143.601773	0	asf1_6
0.971498	0	-0.237048	0	1.000000	0	0.237048	0	0.971498	203822.847616	0	5149.484131	0	asf1_6
0.943764	0	-0.330619	0	1.000000	0	0.330619	0	0.943764	203824.512811	0	5155.246115	0	asf1_6
0.887329	0	-0.461138	0	1.000000	0	0.461138	0	0.887329	203826.806570	0	5160.785494	0	asf1_6
0.988351	0	0.152191	0	1.000000	0	-0.152191	0	0.988351	203829.868744	0	5634.838484	0	asf1_6
0.998737	0	0.050243	0	1.000000	0	-0.050243	0	0.998737	203829.567464	0	5640.827310	0	asf1_6
0.520114	0	-0.854097	0	1.000000	0	0.854097	0	0.520114	203835.181465	0	5021.529961	0	asf1_6
0.816004	0	-0.578047	0	1.000000	0	0.578047	0	0.816004	203839.312340	0	5025.821800	0	asf1_6
-0.811365	0	0.584540	0	1.000000	0	-0.584540	0	-0.811365	203836.006763	0	5088.983185	0	asf1_6
-0.810247	0	0.586089	0	1.000000	0	-0.586089	0	-0.810247	203832.499527	0	5084.114995	0	asf1_6
0.874306	0	0.485375	0	1.000000	0	-0.485375	0	0.874306	203836.515906	0	5099.062109	0	asf1_6
0.877949	0	0.478754	0	1.000000	0	-0.478754	0	0.877949	203833.603681	0	5104.307901	0	asf1_6
0.886039	0	0.463611	0	1.000000	0	-0.463611	0	0.886039	203830.771077	0	5109.597084	0	asf1_6
0.775995	0	-0.630739	0	1.000000	0	0.630739	0	0.775995	203830.016874	0	5165.838756	0	asf1_6
0.638046	0	-0.769998	0	1.000000	0	0.769998	0	0.638046	203834.308855	0	5170.015182	0	asf1_6
0.542506	0	-0.840052	0	1.000000	0	0.840052	0	0.542506	203839.216632	0	5173.461141	0	asf1_6
0.956324	0	0.292308	0	1.000000	0	-0.292308	0	0.956324	203838.628350	0	5606.168336	0	asf1_6
0.955682	0	0.294400	0	1.000000	0	-0.294400	0	0.955682	203836.871552	0	5611.905376	0	asf1_6
0.955148	0	0.296129	0	1.000000	0	-0.296129	0	0.955148	203835.095559	0	5617.636506	0	asf1_6
0.950863	0	0.309612	0	1.000000	0	-0.309612	0	0.950863	203833.318008	0	5623.367153	0	asf1_6
0.957655	0	0.287917	0	1.000000	0	-0.287917	0	0.957655	203831.380886	0	5629.044830	0	asf1_6
0.944943	0	-0.327234	0	1.000000	0	0.327234	0	0.944943	203831.606583	0	5652.118965	0	asf1_6
0.944659	0	-0.328055	0	1.000000	0	0.328055	0	0.944659	203833.569985	0	5657.788625	0	asf1_6
0.941391	0	-0.337319	0	1.000000	0	0.337319	0	0.941391	203835.543242	0	5663.454862	0	asf1_6
0.936254	0	-0.351323	0	1.000000	0	0.351323	0	0.936254	203837.617328	0	5669.083996	0	asf1_6
0.960606	0	-0.277912	0	1.000000	0	0.277912	0	0.960606	203839.757741	0	5674.686269	0	asf1_6
0.995794	0	0.091619	0	1.000000	0	-0.091619	0	0.995794	203839.748323	0	5710.453149	0	asf1_6
0.998902	0	0.046839	0	1.000000	0	-0.046839	0	0.998902	203839.290194	0	5716.435052	0	asf1_6
0.999939	0	0.011030	0	1.000000	0	-0.011030	0	0.999939	203839.186558	0	5722.433532	0	asf1_6
0.999873	0	-0.015967	0	1.000000	0	0.015967	0	0.999873	203839.157841	0	5728.433382	0	asf1_6
0.996487	0	-0.083748	0	1.000000	0	0.083748	0	0.996487	203839.378079	0	5734.428120	0	asf1_6
0.926316	0	-0.376746	0	1.000000	0	0.376746	0	0.926316	203842.005002	0	5031.170584	0	asf1_6
0.975444	0	-0.220247	0	1.000000	0	0.220247	0	0.975444	203843.812216	0	5036.887307	0	asf1_6
0.996396	0	-0.084819	0	1.000000	0	0.084819	0	0.996396	203844.636457	0	5042.824353	0	asf1_6
0.999987	0	-0.005137	0	1.000000	0	0.005137	0	0.999987	203844.827740	0	5048.819946	0	asf1_6
0.999356	0	0.035887	0	1.000000	0	-0.035887	0	0.999356	203844.698043	0	5054.818149	0	asf1_6
0.998504	0	0.054671	0	1.000000	0	-0.054671	0	0.998504	203844.397152	0	5060.810508	0	asf1_6
0.998712	0	0.050745	0	1.000000	0	-0.050745	0	0.998712	203844.042004	0	5066.799984	0	asf1_6
0.999181	0	0.040473	0	1.000000	0	-0.040473	0	0.999181	203843.788239	0	5072.794391	0	asf1_6
0.997513	0	0.070479	0	1.000000	0	-0.070479	0	0.997513	203843.556349	0	5078.789746	0	asf1_6
0.979253	0	0.202641	0	1.000000	0	-0.202641	0	0.979253	203842.943272	0	5084.754942	0	asf1_6
0.953639	0	0.300954	0	1.000000	0	-0.300954	0	0.953639	203841.142945	0	5090.459675	0	asf1_6
0.469310	0	-0.883034	0	1.000000	0	0.883034	0	0.469310	203844.378077	0	5176.517805	0	asf1_6
0.398606	0	-0.917122	0	1.000000	0	0.917122	0	0.398606	203849.799026	0	5179.085429	0	asf1_6
0.962225	0	0.272254	0	1.000000	0	-0.272254	0	0.962225	203848.847903	0	5571.657684	0	asf1_6
0.966039	0	0.258397	0	1.000000	0	-0.258397	0	0.966039	203847.355358	0	5577.469013	0	asf1_6
0.958250	0	0.285930	0	1.000000	0	-0.285930	0	0.958250	203845.747493	0	5583.248846	0	asf1_6
0.953749	0	0.300604	0	1.000000	0	-0.300604	0	0.953749	203843.924981	0	5588.965332	0	asf1_6
0.955349	0	0.295479	0	1.000000	0	-0.295479	0	0.955349	203842.140268	0	5594.693744	0	asf1_6
0.956217	0	0.292660	0	1.000000	0	-0.292660	0	0.956217	203840.379247	0	5600.429490	0	asf1_6
0.990268	0	-0.139174	0	1.000000	0	0.139174	0	0.990268	203840.938559	0	5680.562925	0	asf1_6
0.999006	0	-0.044573	0	1.000000	0	0.044573	0	0.999006	203841.423613	0	5686.541073	0	asf1_6
0.999476	0	0.032362	0	1.000000	0	-0.032362	0	0.999476	203841.472895	0	5692.539434	0	asf1_6
0.995914	0	0.090308	0	1.000000	0	-0.090308	0	0.995914	203841.035645	0	5698.522522	0	asf1_6
0.994229	0	0.107278	0	1.000000	0	-0.107278	0	0.994229	203840.389446	0	5704.487566	0	asf1_6
0.979786	0	-0.200049	0	1.000000	0	0.200049	0	0.979786	203840.161157	0	5740.372949	0	asf1_6
0.941955	0	-0.335740	0	1.000000	0	0.335740	0	0.941955	203841.770505	0	5746.146489	0	asf1_6
0.895098	0	-0.445869	0	1.000000	0	0.445869	0	0.895098	203844.176775	0	5751.638661	0	asf1_6
0.857949	0	-0.513735	0	1.000000	0	0.513735	0	0.857949	203847.112177	0	5756.869826	0	asf1_6
0.344054	0	-0.938950	0	1.000000	0	0.938950	0	0.344054	203855.375572	0	5181.297574	0	asf1_6
0.768584	0	0.639749	0	1.000000	0	-0.639749	0	0.768584	203856.460559	0	5555.525043	0	asf1_6
0.871966	0	0.489566	0	1.000000	0	-0.489566	0	0.871966	203853.056765	0	5560.450239	0	asf1_6
0.936156	0	0.351585	0	1.000000	0	-0.351585	0	0.936156	203850.620908	0	5565.927468	0	asf1_6
0.837411	0	-0.546573	0	1.000000	0	0.546573	0	0.837411	203850.338199	0	5761.928317	0	asf1_6
0.828983	0	-0.559273	0	1.000000	0	0.559273	0	0.828983	203853.670483	0	5766.917878	0	asf1_6
0.816581	0	-0.577231	0	1.000000	0	0.577231	0	0.816581	203857.049221	0	5771.875744	0	asf1_6
0.260532	0	-0.965465	0	1.000000	0	0.965465	0	0.260532	203861.060741	0	5183.212006	0	asf1_6
0.207816	0	-0.978168	0	1.000000	0	0.978168	0	0.207816	203866.935690	0	5184.417187	0	asf1_6
0.652948	0	0.757403	0	1.000000	0	-0.757403	0	0.652948	203869.896336	0	5543.579038	0	asf1_6
0.641612	0	0.767029	0	1.000000	0	-0.767029	0	0.641612	203865.262656	0	5547.390634	0	asf1_6
0.678712	0	0.734404	0	1.000000	0	-0.734404	0	0.678712	203860.692775	0	5551.277717	0	asf1_6
0.799731	0	-0.600359	0	1.000000	0	0.600359	0	0.799731	203860.595938	0	5776.714986	0	asf1_6
0.788141	0	-0.615495	0	1.000000	0	0.615495	0	0.788141	203864.252875	0	5781.471642	0	asf1_6
0.780283	0	-0.625427	0	1.000000	0	0.625427	0	0.780283	203867.981590	0	5786.172301	0	asf1_6
0.214647	0	-0.976692	0	1.000000	0	0.976692	0	0.214647	203872.795809	0	5185.705190	0	asf1_6
0.212216	0	-0.977223	0	1.000000	0	0.977223	0	0.212216	203878.655985	0	5186.992944	0	asf1_6
0.827931	0	0.560830	0	1.000000	0	-0.560830	0	0.827931	203879.792916	0	5400.722378	0	asf1_6
0.922495	0	0.386009	0	1.000000	0	-0.386009	0	0.922495	203876.864538	0	5405.941453	0	asf1_6
0.979184	0	0.202975	0	1.000000	0	-0.202975	0	0.979184	203875.201719	0	5411.696237	0	asf1_6
0.994817	0	0.101683	0	1.000000	0	-0.101683	0	0.994817	203874.439140	0	5417.644489	0	asf1_6
0.995776	0	0.091815	0	1.000000	0	-0.091815	0	0.995776	203873.982319	0	5423.626999	0	asf1_6
0.995173	0	0.098135	0	1.000000	0	-0.098135	0	0.995173	203873.337524	0	5429.592105	0	asf1_6
0.997801	0	0.066285	0	1.000000	0	-0.066285	0	0.997801	203872.804800	0	5435.568072	0	asf1_6
0.999850	0	0.017325	0	1.000000	0	-0.017325	0	0.999850	203872.542363	0	5441.561610	0	asf1_6
0.999605	0	-0.028101	0	1.000000	0	0.028101	0	0.999605	203872.596998	0	5447.560743	0	asf1_6
0.998076	0	-0.062001	0	1.000000	0	0.062001	0	0.998076	203872.879501	0	5453.553832	0	asf1_6
0.995790	0	-0.091664	0	1.000000	0	0.091664	0	0.995790	203873.340895	0	5459.535847	0	asf1_6
0.992354	0	-0.123422	0	1.000000	0	0.123422	0	0.992354	203873.979310	0	5465.501530	0	asf1_6
0.986113	0	-0.166075	0	1.000000	0	0.166075	0	0.986113	203874.821663	0	5471.441715	0	asf1_6
0.974011	0	-0.226501	0	1.000000	0	0.226501	0	0.974011	203875.971198	0	5477.329021	0	asf1_6
0.960549	0	-0.278110	0	1.000000	0	0.278110	0	0.960549	203877.537470	0	5483.120255	0	asf1_6
0.955589	0	-0.294702	0	1.000000	0	0.294702	0	0.955589	203879.307778	0	5488.853034	0	asf1_6
0.828644	0	0.559775	0	1.000000	0	-0.559775	0	0.828644	203878.166792	0	5534.947248	0	asf1_6
0.722102	0	0.691787	0	1.000000	0	-0.691787	0	0.722102	203874.347603	0	5539.558671	0	asf1_6
0.775182	0	-0.631738	0	1.000000	0	0.631738	0	0.775182	203871.757866	0	5790.834869	0	asf1_6
0.772975	0	-0.634437	0	1.000000	0	0.634437	0	0.772975	203875.562393	0	5795.474430	0	asf1_6
0.776392	0	-0.630250	0	1.000000	0	0.630250	0	0.776392	203879.371100	0	5800.110562	0	asf1_6
0.203590	0	-0.979056	0	1.000000	0	0.979056	0	0.203590	203884.522432	0	5188.251771	0	asf1_6
0.733240	0	0.679970	0	1.000000	0	-0.679970	0	0.733240	203887.627251	0	5391.645207	0	asf1_6
0.757035	0	0.653374	0	1.000000	0	-0.653374	0	0.757035	203883.561347	0	5396.057110	0	asf1_6
0.970601	0	-0.240693	0	1.000000	0	0.240693	0	0.970601	203881.073791	0	5494.587001	0	asf1_6
0.979369	0	-0.202078	0	1.000000	0	0.202078	0	0.979369	203882.189952	0	5500.473582	0	asf1_6
0.980321	0	-0.197408	0	1.000000	0	0.197408	0	0.980321	203883.496512	0	5506.328123	0	asf1_6
0.997006	0	-0.077328	0	1.000000	0	0.077328	0	0.997006	203884.557355	0	5512.229795	0	asf1_6
0.992858	0	0.119306	0	1.000000	0	-0.119306	0	0.992858	203884.419529	0	5518.209776	0	asf1_6
0.958815	0	0.284030	0	1.000000	0	-0.284030	0	0.958815	203883.133974	0	5524.064704	0	asf1_6
0.909719	0	0.415225	0	1.000000	0	-0.415225	0	0.909719	203881.022929	0	5529.675697	0	asf1_6
0.777634	0	-0.628717	0	1.000000	0	0.628717	0	0.777634	203883.125203	0	5804.790908	0	asf1_6
0.731709	0	-0.681617	0	1.000000	0	0.681617	0	0.731709	203886.915261	0	5809.441619	0	asf1_6
0.172795	0	-0.984958	0	1.000000	0	0.984958	0	0.172795	203890.404186	0	5189.435929	0	asf1_6
0.141638	0	-0.989919	0	1.000000	0	0.989919	0	0.141638	203896.337488	0	5190.324537	0	asf1_6
0.895273	0	0.445518	0	1.000000	0	-0.445518	0	0.895273	203898.721444	0	5377.570247	0	asf1_6
0.810571	0	0.585640	0	1.000000	0	-0.585640	0	0.810571	203895.582599	0	5382.669356	0	asf1_6
0.748371	0	0.663280	0	1.000000	0	-0.663280	0	0.748371	203891.720664	0	5387.258573	0	asf1_6
0.607681	0	-0.794181	0	1.000000	0	0.794181	0	0.607681	203891.273346	0	5813.539548	0	asf1_6
0.529643	0	-0.848220	0	1.000000	0	0.848220	0	0.529643	203896.382198	0	5816.683296	0	asf1_6
0.159058	0	-0.987269	0	1.000000	0	0.987269	0	0.159058	203902.282345	0	5191.135456	0	asf1_6
0.244306	0	-0.969698	0	1.000000	0	0.969698	0	0.244306	203908.179421	0	5192.232336	0	asf1_6
0.980478	0	0.196628	0	1.000000	0	-0.196628	0	0.980478	203908.997458	0	5300.586290	0	asf1_6
0.995553	0	0.094207	0	1.000000	0	-0.094207	0	0.995553	203908.098684	0	5306.513970	0	asf1_6
0.999613	0	0.027809	0	1.000000	0	-0.027809	0	0.999613	203907.869500	0	5312.508088	0	asf1_6
0.999084	0	0.042791	0	1.000000	0	-0.042791	0	0.999084	203907.765052	0	5318.506917	0	asf1_6
0.997241	0	0.074232	0	1.000000	0	-0.074232	0	0.997241	203907.356223	0	5324.492349	0	asf1_6
0.996599	0	0.082407	0	1.000000	0	-0.082407	0	0.996599	203906.874330	0	5330.472965	0	asf1_6
0.996049	0	0.088801	0	1.000000	0	-0.088801	0	0.996049	203906.367344	0	5336.451496	0	asf1_6
0.995003	0	0.099845	0	1.000000	0	-0.099845	0	0.995003	203905.808733	0	5342.425405	0	asf1_6
0.993096	0	0.117302	0	1.000000	0	-0.117302	0	0.993096	203905.169247	0	5348.391158	0	asf1_6
0.989206	0	0.146533	0	1.000000	0	-0.146533	0	0.989206	203904.401216	0	5354.341614	0	asf1_6
0.984642	0	0.174587	0	1.000000	0	-0.174587	0	0.984642	203903.411280	0	5360.258773	0	asf1_6
0.977804	0	0.209523	0	1.000000	0	-0.209523	0	0.977804	203902.306372	0	5366.156126	0	asf1_6
0.954044	0	0.299665	0	1.000000	0	-0.299665	0	0.954044	203900.898491	0	5371.985804	0	asf1_6
0.561876	0	-0.827222	0	1.000000	0	0.827222	0	0.561876	203901.450423	0	5819.894300	0	asf1_6
0.614249	0	-0.789112	0	1.000000	0	0.789112	0	0.614249	203906.301916	0	5823.421021	0	asf1_6
0.376491	0	-0.926420	0	1.000000	0	0.926420	0	0.376491	203913.886717	0	5194.058681	0	asf1_6
0.487204	0	-0.873288	0	1.000000	0	0.873288	0	0.487204	203919.253595	0	5196.733127	0	asf1_6
0.862337	0	0.506335	0	1.000000	0	-0.506335	0	0.862337	203919.615021	0	5272.654642	0	asf1_6
0.898536	0	0.438900	0	1.000000	0	-0.438900	0	0.898536	203916.751012	0	5277.924672	0	asf1_6
0.927197	0	0.374575	0	1.000000	0	-0.374575	0	0.927197	203914.354537	0	5283.424252	0	asf1_6
0.945666	0	0.325141	0	1.000000	0	-0.325141	0	0.945666	203912.258353	0	5289.045502	0	asf1_6
0.962323	0	0.271907	0	1.000000	0	-0.271907	0	0.962323	203910.454586	0	5294.767166	0	asf1_6
0.658532	0	-0.752553	0	1.000000	0	0.752553	0	0.658532	203910.912441	0	5827.259641	0	asf1_6
0.695898	0	-0.718141	0	1.000000	0	0.718141	0	0.695898	203915.328829	0	5831.320155	0	asf1_6
0.739851	0	-0.672771	0	1.000000	0	0.672771	0	0.739851	203919.525562	0	5835.605948	0	asf1_6
0.551519	0	-0.834163	0	1.000000	0	0.834163	0	0.551519	203924.350388	0	5199.896445	0	asf1_6
0.621601	0	-0.783334	0	1.000000	0	0.783334	0	0.621601	203929.257867	0	5203.347624	0	asf1_6
0.814084	0	0.580747	0	1.000000	0	-0.580747	0	0.814084	203929.527572	0	5257.636778	0	asf1_6
0.829219	0	0.558925	0	1.000000	0	-0.558925	0	0.829219	203926.085037	0	5262.549087	0	asf1_6
0.842178	0	0.539199	0	1.000000	0	-0.539199	0	0.842178	203922.822507	0	5267.584434	0	asf1_6
0.776877	0	-0.629653	0	1.000000	0	0.629653	0	0.776877	203923.395044	0	5840.190682	0	asf1_6
0.794540	0	-0.607212	0	1.000000	0	0.607212	0	0.794540	203927.079395	0	5844.926014	0	asf1_6
0.788926	0	-0.614489	0	1.000000	0	0.614489	0	0.788926	203933.718335	0	5207.328675	0	asf1_6
0.886373	0	-0.462972	0	1.000000	0	0.462972	0	0.886373	203936.490031	0	5212.635160	0	asf1_6
-0.999673	0	-0.025582	0	1.000000	0	0.025582	0	-0.999673	203938.061576	0	5218.921694	0	asf1_6
0.995508	0	0.094673	0	1.000000	0	-0.094673	0	0.995508	203939.499864	0	5230.000702	0	asf1_6
0.990438	0	0.137958	0	1.000000	0	-0.137958	0	0.990438	203938.932165	0	5235.970157	0	asf1_6
0.969729	0	0.244184	0	1.000000	0	-0.244184	0	0.969729	203937.846726	0	5241.868644	0	asf1_6
0.915550	0	0.402204	0	1.000000	0	-0.402204	0	0.915550	203936.010913	0	5247.572746	0	asf1_6
0.840683	0	0.541528	0	1.000000	0	-0.541528	0	0.840683	203933.052562	0	5252.782117	0	asf1_6
0.802306	0	-0.596912	0	1.000000	0	0.596912	0	0.802306	203930.681184	0	5849.724632	0	asf1_6
0.806355	0	-0.591433	0	1.000000	0	0.591433	0	0.806355	203934.242255	0	5854.553572	0	asf1_6
0.808895	0	-0.587953	0	1.000000	0	0.587953	0	0.808895	203937.778342	0	5859.400843	0	asf1_6
0.810629	0	-0.585559	0	1.000000	0	0.585559	0	0.810629	203941.297676	0	5864.260293	0	asf1_6
0.811864	0	-0.583846	0	1.000000	0	0.583846	0	0.811864	203944.805047	0	5869.128387	0	asf1_6
0.812737	0	-0.582631	0	1.000000	0	0.582631	0	0.812737	203948.303828	0	5874.002659	0	asf1_6
0.813320	0	-0.581817	0	1.000000	0	0.581817	0	0.813320	203951.796612	0	5878.881230	0	asf1_6
0.813638	0	-0.581372	0	1.000000	0	0.581372	0	0.813638	203955.285630	0	5883.762495	0	asf1_6
0.813673	0	-0.581323	0	1.000000	0	0.581323	0	0.813673	203958.773074	0	5888.644885	0	asf1_6
0.813345	0	-0.581782	0	1.000000	0	0.581782	0	0.813345	203962.261503	0	5893.526572	0	asf1_6
0.812435	0	-0.583052	0	1.000000	0	0.583052	0	0.812435	203965.754454	0	5898.405023	0	asf1_6
0.810270	0	-0.586056	0	1.000000	0	0.586056	0	0.810270	203969.258121	0	5903.275781	0	asf1_6
0.809577	0	-0.587013	0	1.000000	0	0.587013	0	0.809577	203972.787094	0	5908.128222	0	asf1_6
0.810370	0	-0.585918	0	1.000000	0	0.585918	0	0.810370	203976.302249	0	5912.990660	0	asf1_6
0.801309	0	-0.598251	0	1.000000	0	0.598251	0	0.801309	203979.818048	0	5917.852580	0	asf1_6
0.786529	0	-0.617554	0	1.000000	0	0.617554	0	0.786529	203983.480155	0	5922.604896	0	asf1_6
0.779295	0	-0.626657	0	1.000000	0	0.626657	0	0.779295	203987.228157	0	5927.290242	0	asf1_6
0.773050	0	-0.634345	0	1.000000	0	0.634345	0	0.773050	203990.999993	0	5931.956390	0	asf1_6
0.759218	0	-0.650836	0	1.000000	0	0.650836	0	0.759218	203994.840003	0	5936.566494	0	asf1_6
0.728081	0	-0.685491	0	1.000000	0	0.685491	0	0.728081	203998.808907	0	5941.065713	0	asf1_6
0.625170	0	-0.780488	0	1.000000	0	0.780488	0	0.625170	204003.059234	0	5945.296511	0	asf1_6
0.509982	0	-0.860185	0	1.000000	0	0.860185	0	0.509982	204008.099187	0	5948.509949	0	asf1_6
0.476581	0	-0.879131	0	1.000000	0	0.879131	0	0.476581	204013.353031	0	5951.398747	0	asf1_6
0.437772	0	-0.899086	0	1.000000	0	0.899086	0	0.437772	204018.642357	0	5954.225438	0	asf1_6
0.401642	0	-0.915797	0	1.000000	0	0.915797	0	0.401642	204024.131708	0	5956.646873	0	asf1_6
0.413702	0	-0.910412	0	1.000000	0	0.910412	0	0.413702	204029.631528	0	5959.044976	0	asf1_6
0.440881	0	-0.897565	0	1.000000	0	0.897565	0	0.440881	204035.054889	0	5961.610495	0	asf1_6
0.459275	0	-0.888294	0	1.000000	0	0.888294	0	0.459275	204040.400697	0	5964.334765	0	asf1_6
0.468038	0	-0.883708	0	1.000000	0	0.883708	0	0.468038	204045.714166	0	5967.121658	0	asf1_6
0.474465	0	-0.880274	0	1.000000	0	0.880274	0	0.474465	204051.005077	0	5969.951165	0	asf1_6
0.479943	0	-0.877299	0	1.000000	0	0.877299	0	0.479943	204056.277379	0	5972.815203	0	asf1_6
0.485185	0	-0.874412	0	1.000000	0	0.874412	0	0.485185	204061.532608	0	5975.710451	0	asf1_6
0.490829	0	-0.871256	0	1.000000	0	0.871256	0	0.490829	204066.770255	0	5978.637384	0	asf1_6
0.497396	0	-0.867523	0	1.000000	0	0.867523	0	0.497396	204071.987597	0	5981.600349	0	asf1_6
0.492345	0	-0.870400	0	1.000000	0	0.870400	0	0.492345	204077.180422	0	5984.606072	0	asf1_6
0.989775	0	0.142636	0	1.000000	0	-0.142636	0	0.989775	204079.863849	0	6963.977225	0	asf1_6
0.999922	0	-0.012498	0	1.000000	0	0.012498	0	0.999922	204079.479997	0	6969.958548	0	asf1_6
0.479172	0	-0.877721	0	1.000000	0	0.877721	0	0.479172	204082.431670	0	5987.508074	0	asf1_6
0.491163	0	-0.871067	0	1.000000	0	0.871067	0	0.491163	204087.712692	0	5990.355925	0	asf1_6
0.778346	0	0.627836	0	1.000000	0	-0.627836	0	0.778346	204089.760356	0	6942.473852	0	asf1_6
0.842101	0	0.539321	0	1.000000	0	-0.539321	0	0.842101	204086.089070	0	6947.209881	0	asf1_6
0.912232	0	0.409674	0	1.000000	0	-0.409674	0	0.912232	204083.321169	0	6952.528649	0	asf1_6
0.957307	0	0.289074	0	1.000000	0	-0.289074	0	0.957307	204081.184360	0	6958.131387	0	asf1_6
0.986033	0	-0.166549	0	1.000000	0	0.166549	0	0.986033	204080.013329	0	6975.929597	0	asf1_6
0.955622	0	-0.294596	0	1.000000	0	0.294596	0	0.955622	204081.470225	0	6981.742491	0	asf1_6
0.932328	0	-0.361614	0	1.000000	0	0.361614	0	0.932328	204083.541303	0	6987.372638	0	asf1_6
0.929793	0	-0.368082	0	1.000000	0	0.368082	0	0.929793	204085.808564	0	6992.927738	0	asf1_6
0.936573	0	-0.350472	0	1.000000	0	0.350472	0	0.936573	204087.957829	0	6998.528979	0	asf1_6
0.545929	0	-0.837831	0	1.000000	0	0.837831	0	0.545929	204092.881615	0	5993.400396	0	asf1_6
0.633224	0	-0.773969	0	1.000000	0	0.773969	0	0.633224	204097.752762	0	5996.897893	0	asf1_6
0.790345	0	0.612662	0	1.000000	0	-0.612662	0	0.790345	204097.380650	0	6933.207006	0	asf1_6
0.772388	0	0.635151	0	1.000000	0	-0.635151	0	0.772388	204093.615931	0	6937.878807	0	asf1_6
0.956191	0	-0.292743	0	1.000000	0	0.292743	0	0.956191	204090.013210	0	7004.163870	0	asf1_6
0.977292	0	-0.211899	0	1.000000	0	0.211899	0	0.977292	204091.464917	0	7009.984383	0	asf1_6
0.990966	0	-0.134112	0	1.000000	0	0.134112	0	0.990966	204092.554288	0	7015.883473	0	asf1_6
0.999975	0	-0.007026	0	1.000000	0	0.007026	0	0.999975	204093.071726	0	7021.855800	0	asf1_6
0.997993	0	0.063322	0	1.000000	0	-0.063322	0	0.997993	204092.638109	0	7027.836899	0	asf1_6
0.999812	0	0.019403	0	1.000000	0	-0.019403	0	0.999812	204092.312290	0	7033.824923	0	asf1_6
0.999654	0	-0.026316	0	1.000000	0	0.026316	0	0.999654	204092.405584	0	7039.823986	0	asf1_6
0.999038	0	-0.043849	0	1.000000	0	0.043849	0	0.999038	204092.628062	0	7045.819790	0	asf1_6
0.998451	0	-0.055639	0	1.000000	0	0.055639	0	0.998451	204092.931759	0	7051.812065	0	asf1_6
0.997959	0	-0.063855	0	1.000000	0	0.063855	0	0.997959	204093.295718	0	7057.800995	0	asf1_6
0.998699	0	-0.050985	0	1.000000	0	0.050985	0	0.998699	204093.698012	0	7063.787459	0	asf1_6
0.999595	0	-0.028451	0	1.000000	0	0.028451	0	0.999595	204093.907446	0	7069.783454	0	asf1_6
0.999280	0	-0.037951	0	1.000000	0	0.037951	0	0.999280	204094.039399	0	7075.781968	0	asf1_6
0.995652	0	-0.093153	0	1.000000	0	0.093153	0	0.995652	204094.362753	0	7081.772480	0	asf1_6
0.980527	0	-0.196386	0	1.000000	0	0.196386	0	0.980527	204095.155969	0	7087.717068	0	asf1_6
0.940821	0	-0.338903	0	1.000000	0	0.338903	0	0.940821	204096.712428	0	7093.505237	0	asf1_6
0.883966	0	-0.467550	0	1.000000	0	0.467550	0	0.883966	204099.204770	0	7098.956745	0	asf1_6
0.721714	0	-0.692191	0	1.000000	0	0.692191	0	0.721714	204102.144851	0	6000.979037	0	asf1_6
0.784560	0	-0.620052	0	1.000000	0	0.620052	0	0.784560	204106.040536	0	6005.539331	0	asf1_6
0.821607	0	-0.570054	0	1.000000	0	0.570054	0	0.821607	204109.578027	0	6010.384414	0	asf1_6
0.924767	0	0.380534	0	1.000000	0	-0.380534	0	0.924767	204108.930828	0	6912.293858	0	asf1_6
0.912518	0	0.409037	0	1.000000	0	-0.409037	0	0.912518	204106.600745	0	6917.822695	0	asf1_6
0.882515	0	0.470284	0	1.000000	0	-0.470284	0	0.882515	204104.024172	0	6923.240116	0	asf1_6
0.832096	0	0.554631	0	1.000000	0	-0.554631	0	0.832096	204100.965506	0	6928.397781	0	asf1_6
0.837739	0	-0.546071	0	1.000000	0	0.546071	0	0.837739	204102.310311	0	7104.088303	0	asf1_6
0.808349	0	-0.588704	0	1.000000	0	0.588704	0	0.808349	204105.752603	0	7109.001823	0	asf1_6
0.794805	0	-0.606865	0	1.000000	0	0.606865	0	0.794805	204109.373102	0	7113.786196	0	asf1_6
0.842498	0	-0.538699	0	1.000000	0	0.538699	0	0.842498	204112.878445	0	6015.394692	0	asf1_6
0.851769	0	-0.523917	0	1.000000	0	0.523917	0	0.851769	204116.041575	0	6020.493084	0	asf1_6
0.853100	0	-0.521748	0	1.000000	0	0.521748	0	0.853100	204119.165358	0	6025.615771	0	asf1_6
0.922066	0	0.387034	0	1.000000	0	-0.387034	0	0.922066	204118.099423	0	6890.115141	0	asf1_6
0.921077	0	0.389379	0	1.000000	0	-0.389379	0	0.921077	204115.763762	0	6895.641863	0	asf1_6
0.923714	0	0.383084	0	1.000000	0	-0.383084	0	0.923714	204113.426873	0	6901.168064	0	asf1_6
0.927157	0	0.374673	0	1.000000	0	-0.374673	0	0.927157	204111.166893	0	6906.726105	0	asf1_6
0.802072	0	-0.597227	0	1.000000	0	0.597227	0	0.802072	204113.034804	0	7118.539258	0	asf1_6
0.809031	0	-0.587766	0	1.000000	0	0.587766	0	0.809031	204116.538524	0	7123.409297	0	asf1_6
0.857898	0	-0.513821	0	1.000000	0	0.513821	0	0.857898	204122.302511	0	6030.730213	0	asf1_6
0.869487	0	-0.493957	0	1.000000	0	0.493957	0	0.869487	204125.330759	0	6035.909789	0	asf1_6
0.883150	0	-0.469091	0	1.000000	0	0.469091	0	0.883150	204128.229369	0	6041.162956	0	asf1_6
0.946761	0	0.321936	0	1.000000	0	-0.321936	0	0.946761	204128.932328	0	6862.145478	0	asf1_6
0.939901	0	0.341448	0	1.000000	0	-0.341448	0	0.939901	204126.910631	0	6867.794508	0	asf1_6
0.935300	0	0.353857	0	1.000000	0	-0.353857	0	0.935300	204124.835042	0	6873.424053	0	asf1_6
0.929460	0	0.368923	0	1.000000	0	-0.368923	0	0.929460	204122.664542	0	6879.017604	0	asf1_6
0.924809	0	0.380432	0	1.000000	0	-0.380432	0	0.924809	204120.408148	0	6884.577123	0	asf1_6
0.806567	0	-0.591143	0	1.000000	0	0.591143	0	0.806567	204120.087511	0	7128.246953	0	asf1_6
0.807674	0	-0.589629	0	1.000000	0	0.589629	0	0.807674	204123.632129	0	7133.087956	0	asf1_6
0.808503	0	-0.588492	0	1.000000	0	0.588492	0	0.808503	204127.163038	0	7137.939006	0	asf1_6
0.901648	0	-0.432471	0	1.000000	0	0.432471	0	0.901648	204130.958877	0	6046.505735	0	asf1_6
0.929378	0	-0.369130	0	1.000000	0	0.369130	0	0.929378	204133.416799	0	6051.978073	0	asf1_6
0.962690	0	-0.270606	0	1.000000	0	0.270606	0	0.962690	204135.382337	0	6057.642517	0	asf1_6
0.985985	0	-0.166836	0	1.000000	0	0.166836	0	0.985985	204136.656229	0	6063.502726	0	asf1_6
0.994169	0	-0.107837	0	1.000000	0	0.107837	0	0.994169	204137.381472	0	6069.457764	0	asf1_6
0.994710	0	-0.102720	0	1.000000	0	0.102720	0	0.994710	204137.950040	0	6075.430756	0	asf1_6
0.993833	0	-0.110884	0	1.000000	0	0.110884	0	0.993833	204138.614061	0	6081.393765	0	asf1_6
0.994103	0	-0.108436	0	1.000000	0	0.108436	0	0.994103	204139.280634	0	6087.356603	0	asf1_6
